R_harmonic; R_max ; R_ferry

Reference aircraft :(6626.654378131056, 8919.608553913467, 11566.310680960152)
Aero design : (1297.8514039296174, 1890.341294701459, 2498.2076695860233)
DD2E : (1312.025804667535, 1927.8891690998576, 2747.337091645919)
DD4E : (1211.123096116043, 1771.9996200189494, 2542.4515873695323)
HPBE : (1254.8384890379116, 1688.0248534266993, 2266.545576177632)
STRW : (1451.29119940115, 2120.4086422980213, 2881.6181084031273)3)

ct0 = 55e-06 